1
18125111
Nguyen Tran Tuong
Gio
18CTT1
Male
07/03/2000
18125111
06011002
1
CS162
-1
-1
-1
0
0
0
0
0
0
0
0
0
0
2
18125112
Tran Thien 
Dia
18CTT1
Male
17/08/2000
18125112
17082000
1
CS162
-1
-1
-1
0
0
0
0
0
0
0
0
0
0
3
18125113
Pham Minh
Beo
18CTT1
Female
12/07/2000
18125113
12072000
1
CS162
-1
-1
-1
0
0
0
0
0
0
0
0
0
0
4
18125114
Nguyen Gia
Sua
18CTT1
Male
27/04/2000
18125114
27042000
1
CS162
-1
-1
-1
0
0
0
0
0
0
0
0
0
0
5
18125115
Nguyen Ngoc Linh
Ka
18CTT1
Female
10/04/2000
18125115
10042000
1
CS162
-1
-1
-1
0
0
0
0
0
0
0
0
0
0
6
18125116
Vu Phuong
Phap
18CTT1
Female
29/12/2000
18125116
29122000
1
CS162
-1
-1
-1
0
0
0
0
0
0
0
0
0
0
7
18125117
La Nguyet
Thuc
18CTT1
Female
21/06/2000
18125117
21062000
1
CS162
-1
-1
-1
0
0
0
0
0
0
0
0
0
0
8
18125118
Le
Nin
18CTT1
Male
09/02/2000
18125118
09022000
1
CS162
-1
-1
-1
0
0
0
0
0
0
0
0
0
0
9
18125119
Pham Bang
Bang
18CTT1
Female
14/07/2000
18125119
14072000
1
CS162
-1
-1
-1
0
0
0
0
0
0
0
0
0
0
10
18125120
Le Quang Tuong
Gach
18CTT1
Male
18/10/2000
18125120
18102000
1
CS162
-1
-1
-1
0
0
0
0
0
0
0
0
0
0
1
18125111
Nguyen Tran Tuong
Gio
18CTT1
Male
07/03/2000
18125111
07032000
1
CS162
-1
-1
-1
0
0
0
0
0
0
0
0
0
0
2
18125112
Tran Thien 
Dia
18CTT1
Male
17/08/2000
18125112
17082000
1
CS162
-1
-1
-1
0
0
0
0
0
0
0
0
0
0
3
18125113
Pham Minh
Beo
18CTT1
Female
12/07/2000
18125113
12072000
1
CS162
-1
-1
-1
0
0
0
0
0
0
0
0
0
0
4
18125114
Nguyen Gia
Sua
18CTT1
Male
27/04/2000
18125114
27042000
1
CS162
-1
-1
-1
0
0
0
0
0
0
0
0
0
0
5
18125115
Nguyen Ngoc Linh
Ka
18CTT1
Female
10/04/2000
18125115
10042000
1
CS162
-1
-1
-1
0
0
0
0
0
0
0
0
0
0
6
18125116
Vu Phuong
Phap
18CTT1
Female
29/12/2000
18125116
29122000
1
CS162
-1
-1
-1
0
0
0
0
0
0
0
0
0
0
7
18125117
La Nguyet
Thuc
18CTT1
Female
21/06/2000
18125117
21062000
1
CS162
-1
-1
-1
0
0
0
0
0
0
0
0
0
0
8
18125118
Le
Nin
18CTT1
Male
09/02/2000
18125118
09022000
1
CS162
-1
-1
-1
0
0
0
0
0
0
0
0
0
0
9
18125119
Pham Bang
Bang
18CTT1
Female
14/07/2000
18125119
14072000
1
CS162
-1
-1
-1
0
0
0
0
0
0
0
0
0
0
10
18125120
Le Quang Tuong
Gach
18CTT1
Male
18/10/2000
18125120
18102000
1
CS162
-1
-1
-1
0
0
0
0
0
0
0
0
0
0
1
18125111
Nguyen Tran Tuong
Gio
18CTT1
Male
07/03/2000
18125111
07032000
1
CS162
-1
-1
-1
0
0
0
0
0
0
0
0
0
0
2
18125112
Tran Thien 
Dia
18CTT1
Male
17/08/2000
18125112
17082000
1
CS162
-1
-1
-1
0
0
0
0
0
0
0
0
0
0
3
18125113
Pham Minh
Beo
18CTT1
Female
12/07/2000
18125113
12072000
1
CS162
-1
-1
-1
0
0
0
0
0
0
0
0
0
0
4
18125114
Nguyen Gia
Sua
18CTT1
Male
27/04/2000
18125114
27042000
1
CS162
-1
-1
-1
0
0
0
0
0
0
0
0
0
0
5
18125115
Nguyen Ngoc Linh
Ka
18CTT1
Female
10/04/2000
18125115
10042000
1
CS162
-1
-1
-1
0
0
0
0
0
0
0
0
0
0
6
18125116
Vu Phuong
Phap
18CTT1
Female
29/12/2000
18125116
29122000
1
CS162
-1
-1
-1
0
0
0
0
0
0
0
0
0
0
7
18125117
La Nguyet
Thuc
18CTT1
Female
21/06/2000
18125117
21062000
1
CS162
-1
-1
-1
0
0
0
0
0
0
0
0
0
0
8
18125118
Le
Nin
18CTT1
Male
09/02/2000
18125118
09022000
1
CS162
-1
-1
-1
0
0
0
0
0
0
0
0
0
0
9
18125119
Pham Bang
Bang
18CTT1
Female
14/07/2000
18125119
14072000
1
CS162
-1
-1
-1
0
0
0
0
0
0
0
0
0
0
10
18125120
Le Quang Tuong
Gach
18CTT1
Male
18/10/2000
18125120
18102000
1
CS162
-1
-1
-1
0
0
0
0
0
0
0
0
0
0
1
18125111
Nguyen Tran Tuong
Gio
18CTT1
Male
07/03/2000
18125111
07032000
1
CS162
-1
-1
-1
0
0
0
0
0
0
0
0
0
0
2
18125112
Tran Thien 
Dia
18CTT1
Male
17/08/2000
18125112
17082000
1
CS162
-1
-1
-1
0
0
0
0
0
0
0
0
0
0
3
18125113
Pham Minh
Beo
18CTT1
Female
12/07/2000
18125113
12072000
1
CS162
-1
-1
-1
0
0
0
0
0
0
0
0
0
0
4
18125114
Nguyen Gia
Sua
18CTT1
Male
27/04/2000
18125114
27042000
1
CS162
-1
-1
-1
0
0
0
0
0
0
0
0
0
0
5
18125115
Nguyen Ngoc Linh
Ka
18CTT1
Female
10/04/2000
18125115
10042000
1
CS162
-1
-1
-1
0
0
0
0
0
0
0
0
0
0
6
18125116
Vu Phuong
Phap
18CTT1
Female
29/12/2000
18125116
29122000
1
CS162
-1
-1
-1
0
0
0
0
0
0
0
0
0
0
7
18125117
La Nguyet
Thuc
18CTT1
Female
21/06/2000
18125117
21062000
1
CS162
-1
-1
-1
0
0
0
0
0
0
0
0
0
0
8
18125118
Le
Nin
18CTT1
Male
09/02/2000
18125118
09022000
1
CS162
-1
-1
-1
0
0
0
0
0
0
0
0
0
0
9
18125119
Pham Bang
Bang
18CTT1
Female
14/07/2000
18125119
14072000
1
CS162
-1
-1
-1
0
0
0
0
0
0
0
0
0
0
10
18125120
Le Quang Tuong
Gach
18CTT1
Male
18/10/2000
18125120
18102000
1
CS162
-1
-1
-1
0
0
0
0
0
0
0
0
0
0
1
18125111
Nguyen Tran Tuong
Gio
18CTT1
Male
07/03/2000
18125111
06011002
1
CS162
-1
-1
-1
0
0
0
0
0
0
0
0
0
0
2
18125112
Tran Thien 
Dia
18CTT1
Male
17/08/2000
18125112
17082000
1
CS162
-1
-1
-1
0
0
0
0
0
0
0
0
0
0
3
18125113
Pham Minh
Beo
18CTT1
Female
12/07/2000
18125113
12072000
1
CS162
-1
-1
-1
0
0
0
0
0
0
0
0
0
0
4
18125114
Nguyen Gia
Sua
18CTT1
Male
27/04/2000
18125114
27042000
1
CS162
-1
-1
-1
0
0
0
0
0
0
0
0
0
0
5
18125115
Nguyen Ngoc Linh
Ka
18CTT1
Female
10/04/2000
18125115
10042000
1
CS162
-1
-1
-1
0
0
0
0
0
0
0
0
0
0
6
18125116
Vu Phuong
Phap
18CTT1
Female
29/12/2000
18125116
29122000
1
CS162
-1
-1
-1
0
0
0
0
0
0
0
0
0
0
7
18125117
La Nguyet
Thuc
18CTT1
Female
21/06/2000
18125117
21062000
1
CS162
-1
-1
-1
0
0
0
0
0
0
0
0
0
0
8
18125118
Le
Nin
18CTT1
Male
09/02/2000
18125118
09022000
1
CS162
-1
-1
-1
0
0
0
0
0
0
0
0
0
0
9
18125119
Pham Bang
Bang
18CTT1
Female
14/07/2000
18125119
14072000
1
CS162
-1
-1
-1
0
0
0
0
0
0
0
0
0
0
10
18125120
Le Quang Tuong
Gach
18CTT1
Male
18/10/2000
18125120
18102000
1
CS162
-1
-1
-1
0
0
0
0
0
0
0
0
0
0
1
18125111
Nguyen Tran Tuong
Gio
18CTT1
Male
07/03/2000
18125111
07032000
1
CS162
-1
-1
-1
0
0
0
0
0
0
0
0
0
0
2
18125112
Tran Thien 
Dia
18CTT1
Male
17/08/2000
18125112
17082000
1
CS162
-1
-1
-1
0
0
0
0
0
0
0
0
0
0
3
18125113
Pham Minh
Beo
18CTT1
Female
12/07/2000
18125113
12072000
1
CS162
-1
-1
-1
0
0
0
0
0
0
0
0
0
0
4
18125114
Nguyen Gia
Sua
18CTT1
Male
27/04/2000
18125114
27042000
1
CS162
-1
-1
-1
0
0
0
0
0
0
0
0
0
0
5
18125115
Nguyen Ngoc Linh
Ka
18CTT1
Female
10/04/2000
18125115
10042000
1
CS162
-1
-1
-1
0
0
0
0
0
0
0
0
0
0
6
18125116
Vu Phuong
Phap
18CTT1
Female
29/12/2000
18125116
29122000
1
CS162
-1
-1
-1
0
0
0
0
0
0
0
0
0
0
7
18125117
La Nguyet
Thuc
18CTT1
Female
21/06/2000
18125117
21062000
1
CS162
-1
-1
-1
0
0
0
0
0
0
0
0
0
0
8
18125118
Le
Nin
18CTT1
Male
09/02/2000
18125118
09022000
1
CS162
-1
-1
-1
0
0
0
0
0
0
0
0
0
0
9
18125119
Pham Bang
Bang
18CTT1
Female
14/07/2000
18125119
14072000
1
CS162
-1
-1
-1
0
0
0
0
0
0
0
0
0
0
10
18125120
Le Quang Tuong
Gach
18CTT1
Male
18/10/2000
18125120
18102000
1
CS162
-1
-1
-1
0
0
0
0
0
0
0
0
0
0
1
18125111
Nguyen Tran Tuong
Gio
18CTT1
Male
07/03/2000
18125111
07032000
1
CS162
-1
-1
-1
0
0
0
0
0
0
0
0
0
0
2
18125112
Tran Thien 
Dia
18CTT1
Male
17/08/2000
18125112
17082000
1
CS162
-1
-1
-1
0
0
0
0
0
0
0
0
0
0
3
18125113
Pham Minh
Beo
18CTT1
Female
12/07/2000
18125113
12072000
1
CS162
-1
-1
-1
0
0
0
0
0
0
0
0
0
0
4
18125114
Nguyen Gia
Sua
18CTT1
Male
27/04/2000
18125114
27042000
1
CS162
-1
-1
-1
0
0
0
0
0
0
0
0
0
0
5
18125115
Nguyen Ngoc Linh
Ka
18CTT1
Female
10/04/2000
18125115
10042000
1
CS162
-1
-1
-1
0
0
0
0
0
0
0
0
0
0
6
18125116
Vu Phuong
Phap
18CTT1
Female
29/12/2000
18125116
29122000
1
CS162
-1
-1
-1
0
0
0
0
0
0
0
0
0
0
7
18125117
La Nguyet
Thuc
18CTT1
Female
21/06/2000
18125117
21062000
1
CS162
-1
-1
-1
0
0
0
0
0
0
0
0
0
0
8
18125118
Le
Nin
18CTT1
Male
09/02/2000
18125118
09022000
1
CS162
-1
-1
-1
0
0
0
0
0
0
0
0
0
0
9
18125119
Pham Bang
Bang
18CTT1
Female
14/07/2000
18125119
14072000
1
CS162
-1
-1
-1
0
0
0
0
0
0
0
0
0
0
10
18125120
Le Quang Tuong
Gach
18CTT1
Male
18/10/2000
18125120
18102000
1
CS162
-1
-1
-1
0
0
0
0
0
0
0
0
0
0
1
18125111
Nguyen Tran Tuong
Gio
18CTT1
Male
07/03/2000
18125111
07032000
1
CS162
-1
-1
-1
0
0
0
0
0
0
0
0
0
0
2
18125112
Tran Thien 
Dia
18CTT1
Male
17/08/2000
18125112
17082000
1
CS162
-1
-1
-1
0
0
0
0
0
0
0
0
0
0
3
18125113
Pham Minh
Beo
18CTT1
Female
12/07/2000
18125113
12072000
1
CS162
-1
-1
-1
0
0
0
0
0
0
0
0
0
0
4
18125114
Nguyen Gia
Sua
18CTT1
Male
27/04/2000
18125114
27042000
1
CS162
-1
-1
-1
0
0
0
0
0
0
0
0
0
0
5
18125115
Nguyen Ngoc Linh
Ka
18CTT1
Female
10/04/2000
18125115
10042000
1
CS162
-1
-1
-1
0
0
0
0
0
0
0
0
0
0
6
18125116
Vu Phuong
Phap
18CTT1
Female
29/12/2000
18125116
29122000
1
CS162
-1
-1
-1
0
0
0
0
0
0
0
0
0
0
7
18125117
La Nguyet
Thuc
18CTT1
Female
21/06/2000
18125117
21062000
1
CS162
-1
-1
-1
0
0
0
0
0
0
0
0
0
0
8
18125118
Le
Nin
18CTT1
Male
09/02/2000
18125118
09022000
1
CS162
-1
-1
-1
0
0
0
0
0
0
0
0
0
0
9
18125119
Pham Bang
Bang
18CTT1
Female
14/07/2000
18125119
14072000
1
CS162
-1
-1
-1
0
0
0
0
0
0
0
0
0
0
10
18125120
Le Quang Tuong
Gach
18CTT1
Male
18/10/2000
18125120
18102000
1
CS162
-1
-1
-1
0
0
0
0
0
0
0
0
0
0
1
18125111
Nguyen Tran Tuong
Gio
18CTT1
Male
07/03/2000
18125111
06011002
1
CS162
-1
-1
-1
0
0
0
0
0
0
0
0
0
0
2
18125112
Tran Thien 
Dia
18CTT1
Male
17/08/2000
18125112
17082000
1
CS162
-1
-1
-1
0
0
0
0
0
0
0
0
0
0
3
18125113
Pham Minh
Beo
18CTT1
Female
12/07/2000
18125113
12072000
1
CS162
-1
-1
-1
0
0
0
0
0
0
0
0
0
0
4
18125114
Nguyen Gia
Sua
18CTT1
Male
27/04/2000
18125114
27042000
1
CS162
-1
-1
-1
0
0
0
0
0
0
0
0
0
0
5
18125115
Nguyen Ngoc Linh
Ka
18CTT1
Female
10/04/2000
18125115
10042000
1
CS162
-1
-1
-1
0
0
0
0
0
0
0
0
0
0
6
18125116
Vu Phuong
Phap
18CTT1
Female
29/12/2000
18125116
29122000
1
CS162
-1
-1
-1
0
0
0
0
0
0
0
0
0
0
7
18125117
La Nguyet
Thuc
18CTT1
Female
21/06/2000
18125117
21062000
1
CS162
-1
-1
-1
0
0
0
0
0
0
0
0
0
0
8
18125118
Le
Nin
18CTT1
Male
09/02/2000
18125118
09022000
1
CS162
-1
-1
-1
0
0
0
0
0
0
0
0
0
0
9
18125119
Pham Bang
Bang
18CTT1
Female
14/07/2000
18125119
14072000
1
CS162
-1
-1
-1
0
0
0
0
0
0
0
0
0
0
10
18125120
Le Quang Tuong
Gach
18CTT1
Male
18/10/2000
18125120
18102000
1
CS162
-1
-1
-1
0
0
0
0
0
0
0
0
0
0
1
18125111
Nguyen Tran Tuong
Gio
18CTT1
Male
07/03/2000
18125111
07032000
1
CS162
-1
-1
-1
0
0
0
0
0
0
0
0
0
0
2
18125112
Tran Thien 
Dia
18CTT1
Male
17/08/2000
18125112
17082000
1
CS162
-1
-1
-1
0
0
0
0
0
0
0
0
0
0
3
18125113
Pham Minh
Beo
18CTT1
Female
12/07/2000
18125113
12072000
1
CS162
-1
-1
-1
0
0
0
0
0
0
0
0
0
0
4
18125114
Nguyen Gia
Sua
18CTT1
Male
27/04/2000
18125114
27042000
1
CS162
-1
-1
-1
0
0
0
0
0
0
0
0
0
0
5
18125115
Nguyen Ngoc Linh
Ka
18CTT1
Female
10/04/2000
18125115
10042000
1
CS162
-1
-1
-1
0
0
0
0
0
0
0
0
0
0
6
18125116
Vu Phuong
Phap
18CTT1
Female
29/12/2000
18125116
29122000
1
CS162
-1
-1
-1
0
0
0
0
0
0
0
0
0
0
7
18125117
La Nguyet
Thuc
18CTT1
Female
21/06/2000
18125117
21062000
1
CS162
-1
-1
-1
0
0
0
0
0
0
0
0
0
0
8
18125118
Le
Nin
18CTT1
Male
09/02/2000
18125118
09022000
1
CS162
-1
-1
-1
0
0
0
0
0
0
0
0
0
0
9
18125119
Pham Bang
Bang
18CTT1
Female
14/07/2000
18125119
14072000
1
CS162
-1
-1
-1
0
0
0
0
0
0
0
0
0
0
10
18125120
Le Quang Tuong
Gach
18CTT1
Male
18/10/2000
18125120
18102000
1
CS162
-1
-1
-1
0
0
0
0
0
0
0
0
0
0
1
18125111
Nguyen Tran Tuong
Gio
18CTT1
Male
07/03/2000
18125111
07032000
1
CS162
-1
-1
-1
0
0
0
0
0
0
0
0
0
0
2
18125112
Tran Thien 
Dia
18CTT1
Male
17/08/2000
18125112
17082000
1
CS162
-1
-1
-1
0
0
0
0
0
0
0
0
0
0
3
18125113
Pham Minh
Beo
18CTT1
Female
12/07/2000
18125113
12072000
1
CS162
-1
-1
-1
0
0
0
0
0
0
0
0
0
0
4
18125114
Nguyen Gia
Sua
18CTT1
Male
27/04/2000
18125114
27042000
1
CS162
-1
-1
-1
0
0
0
0
0
0
0
0
0
0
5
18125115
Nguyen Ngoc Linh
Ka
18CTT1
Female
10/04/2000
18125115
10042000
1
CS162
-1
-1
-1
0
0
0
0
0
0
0
0
0
0
6
18125116
Vu Phuong
Phap
18CTT1
Female
29/12/2000
18125116
29122000
1
CS162
-1
-1
-1
0
0
0
0
0
0
0
0
0
0
7
18125117
La Nguyet
Thuc
18CTT1
Female
21/06/2000
18125117
21062000
1
CS162
-1
-1
-1
0
0
0
0
0
0
0
0
0
0
8
18125118
Le
Nin
18CTT1
Male
09/02/2000
18125118
09022000
1
CS162
-1
-1
-1
0
0
0
0
0
0
0
0
0
0
9
18125119
Pham Bang
Bang
18CTT1
Female
14/07/2000
18125119
14072000
1
CS162
-1
-1
-1
0
0
0
0
0
0
0
0
0
0
10
18125120
Le Quang Tuong
Gach
18CTT1
Male
18/10/2000
18125120
18102000
1
CS162
-1
-1
-1
0
0
0
0
0
0
0
0
0
0
1
18125111
Nguyen Tran Tuong
Gio
18CTT1
Male
07/03/2000
18125111
07032000
1
CS162
-1
-1
-1
0
0
0
0
0
0
0
0
0
0
2
18125112
Tran Thien 
Dia
18CTT1
Male
17/08/2000
18125112
17082000
1
CS162
-1
-1
-1
0
0
0
0
0
0
0
0
0
0
3
18125113
Pham Minh
Beo
18CTT1
Female
12/07/2000
18125113
12072000
1
CS162
-1
-1
-1
0
0
0
0
0
0
0
0
0
0
4
18125114
Nguyen Gia
Sua
18CTT1
Male
27/04/2000
18125114
27042000
1
CS162
-1
-1
-1
0
0
0
0
0
0
0
0
0
0
5
18125115
Nguyen Ngoc Linh
Ka
18CTT1
Female
10/04/2000
18125115
10042000
1
CS162
-1
-1
-1
0
0
0
0
0
0
0
0
0
0
6
18125116
Vu Phuong
Phap
18CTT1
Female
29/12/2000
18125116
29122000
1
CS162
-1
-1
-1
0
0
0
0
0
0
0
0
0
0
7
18125117
La Nguyet
Thuc
18CTT1
Female
21/06/2000
18125117
21062000
1
CS162
-1
-1
-1
0
0
0
0
0
0
0
0
0
0
8
18125118
Le
Nin
18CTT1
Male
09/02/2000
18125118
09022000
1
CS162
-1
-1
-1
0
0
0
0
0
0
0
0
0
0
9
18125119
Pham Bang
Bang
18CTT1
Female
14/07/2000
18125119
14072000
1
CS162
-1
-1
-1
0
0
0
0
0
0
0
0
0
0
10
18125120
Le Quang Tuong
Gach
18CTT1
Male
18/10/2000
18125120
18102000
1
CS162
-1
-1
-1
0
0
0
0
0
0
0
0
0
0
